[{'model': 'GCN', 'best_val_auc': 0.5, 'test_auc': 0.5, 'test_ap': 0.5, 'best_epoch': 1, 'best_state': {'conv1.bias': tensor([-0.0106,  0.0000,  0.0000, -0.0078, -0.0100, -0.0091, -0.0102, -0.0106,
        -0.0087,  0.0000,  0.0000, -0.0102, -0.0074,  0.0000,  0.0000,  0.0000,
         0.0000,  0.0000,  0.0000,  0.0000, -0.0106,  0.0000,  0.0104, -0.0104,
        -0.0100,  0.0000,  0.0000, -0.0099,  0.0000,  0.0000, -0.0086, -0.0086,
         0.0000, -0.0097,  0.0000, -0.0050, -0.0105, -0.0092,  0.0111, -0.0103,
         0.0000, -0.0105,  0.0000,  0.0105, -0.0100, -0.0098, -0.0100, -0.0098,
         0.0000, -0.0104, -0.0071,  0.0000, -0.0099, -0.0106, -0.0103,  0.0000,
         0.0000,  0.0000,  0.0000,  0.0000,  0.0000,  0.0000,  0.0000,  0.0000,
         0.0108, -0.0066,  0.0000,  0.0000,  0.0000, -0.0105,  0.0000,  0.0000,
         0.0000,  0.0000,  0.0000,  0.0000,  0.0000,  0.0000,  0.0000, -0.0106,
        -0.0106,  0.0000,  0.0025,  0.0063, -0.0103,  0.0000,  0.0110, -0.0108,
        -0.0106, -0.0104,  0.0003, -0.0107,  0.0000,  0.0000,  0.0000, -0.0105,
        -0.0104,  0.0102,  0.0000,  0.0000, -0.0102, -0.0106,  0.0000,  0.0000,
         0.0000,  0.0000,  0.0000, -0.0097, -0.0093,  0.0000, -0.0100,  0.0107,
        -0.0105,  0.0000,  0.0110,  0.0000,  0.0000,  0.0000,  0.0000, -0.0091,
        -0.0102,  0.0000,  0.0108,  0.0111,  0.0000,  0.0000, -0.0106,  0.0000]), 'conv1.lin.weight': tensor([[ 0.1535, -0.2197,  0.0531,  ..., -0.1399,  0.1974, -0.2160],
        [-0.1030,  0.0970, -0.1884,  ..., -0.1300, -0.0633, -0.1033],
        [ 0.0185,  0.0987,  0.1777,  ...,  0.1279,  0.0925,  0.1983],
        ...,
        [-0.1343, -0.0299, -0.1455,  ..., -0.1431, -0.0132, -0.0776],
        [ 0.1570, -0.1006, -0.1880,  ...,  0.1334,  0.1638,  0.0418],
        [ 0.0303, -0.1748, -0.0432,  ..., -0.1838,  0.1279,  0.1560]]), 'conv2.bias': tensor([ 0.0064,  0.0107,  0.0107,  0.0081,  0.0101, -0.0108,  0.0100,  0.0101,
         0.0105, -0.0093, -0.0016, -0.0106, -0.0104, -0.0101,  0.0023, -0.0068,
        -0.0105,  0.0099,  0.0107,  0.0081,  0.0050,  0.0058,  0.0045, -0.0093,
         0.0105,  0.0106, -0.0087,  0.0107,  0.0085, -0.0108,  0.0105, -0.0044,
        -0.0108,  0.0106,  0.0107,  0.0106,  0.0088,  0.0105, -0.0085,  0.0105,
        -0.0067,  0.0091,  0.0029, -0.0098, -0.0102,  0.0100,  0.0010,  0.0107,
         0.0067, -0.0107,  0.0035, -0.0101,  0.0108,  0.0019, -0.0082,  0.0097,
        -0.0082, -0.0100, -0.0104,  0.0106, -0.0092,  0.0045, -0.0054, -0.0102]), 'conv2.lin.weight': tensor([[ 0.0449,  0.0905, -0.1369,  ..., -0.0871,  0.1448, -0.1670],
        [-0.0369,  0.0585, -0.1420,  ..., -0.1702, -0.1400, -0.1321],
        [ 0.1392,  0.0939,  0.0726,  ...,  0.1496,  0.0505,  0.0317],
        ...,
        [-0.1185, -0.1512, -0.0899,  ...,  0.0427,  0.1036,  0.0670],
        [-0.1258, -0.0064, -0.1173,  ...,  0.1531, -0.1389, -0.0845],
        [ 0.1559,  0.1164, -0.0967,  ..., -0.0317, -0.0007,  0.0631]])}}, {'model': 'GAT', 'best_val_auc': 0.5, 'test_auc': 0.5, 'test_ap': 0.5, 'best_epoch': 1, 'best_state': {'conv1.att_src': tensor([[[-0.3385,  0.1764,  0.0862, -0.4016, -0.1530, -0.2921, -0.1288,
          -0.1103,  0.1328, -0.3572,  0.0477, -0.2866, -0.1000,  0.2819,
           0.1506, -0.1548, -0.2223, -0.0879,  0.3274, -0.0810, -0.3167,
           0.0432, -0.3948, -0.0673,  0.0631,  0.0647,  0.2210,  0.2413,
          -0.2681,  0.1244,  0.2237, -0.2849],
         [ 0.2093,  0.2724,  0.2157,  0.3252, -0.1132,  0.1113,  0.1694,
          -0.1890,  0.4017, -0.1509,  0.2766,  0.2984, -0.2337, -0.2257,
           0.2505,  0.0453, -0.3993,  0.3712,  0.2827, -0.0952, -0.1311,
          -0.1332,  0.1798,  0.4021,  0.1978,  0.0520, -0.1838, -0.0489,
           0.3029,  0.3968,  0.1166,  0.0010],
         [-0.1727,  0.3661, -0.1048, -0.0955, -0.3196, -0.3588, -0.1989,
           0.1747, -0.2116,  0.1113, -0.2732,  0.1976, -0.1445, -0.3982,
          -0.3852,  0.3218,  0.2085, -0.0362, -0.0548, -0.2002,  0.2054,
           0.0646, -0.3866, -0.0143, -0.3780, -0.0090, -0.3700, -0.1365,
          -0.2392,  0.1923,  0.1789, -0.2477],
         [ 0.2970, -0.1918,  0.3049,  0.0863, -0.2003,  0.3887,  0.3497,
          -0.0587, -0.3195, -0.2250, -0.0168, -0.0518,  0.0888, -0.3486,
          -0.1651,  0.1808, -0.2610,  0.0473, -0.2755, -0.0795, -0.0705,
          -0.2141,  0.3804, -0.3621, -0.1581,  0.0086,  0.2007,  0.2536,
           0.3663,  0.3868,  0.1370,  0.1007]]]), 'conv1.att_dst': tensor([[[ 0.2263,  0.1328,  0.2437, -0.2942, -0.3304,  0.1379,  0.1638,
           0.1457,  0.1436,  0.1514, -0.1705, -0.2910,  0.2481,  0.1895,
          -0.1627,  0.3738,  0.1458, -0.3780,  0.1818, -0.3769, -0.2882,
          -0.0086, -0.0098, -0.4060, -0.2994, -0.2295,  0.0646, -0.3430,
          -0.2116, -0.0578, -0.3549,  0.0717],
         [ 0.1382,  0.0183, -0.0346, -0.3696,  0.1751, -0.2765, -0.1723,
          -0.1216, -0.0824,  0.3758, -0.0655,  0.2111, -0.3844,  0.2147,
          -0.0855, -0.2818,  0.0810, -0.0955, -0.0839, -0.3781,  0.3666,
           0.0828, -0.0800, -0.3900, -0.0812,  0.4121,  0.2283,  0.2692,
           0.0468,  0.3975,  0.0744, -0.1804],
         [ 0.3957,  0.3541,  0.0824,  0.1376,  0.0671, -0.2342, -0.1577,
          -0.2203,  0.1200,  0.2684, -0.1687, -0.0682, -0.0536,  0.3535,
          -0.0360,  0.3679,  0.1112,  0.3608,  0.1888, -0.2820, -0.1631,
          -0.2532,  0.1443, -0.3955,  0.1718,  0.2561,  0.3978,  0.0710,
          -0.2293, -0.3437, -0.1758, -0.3047],
         [-0.0362,  0.2414, -0.3528, -0.0863, -0.3272, -0.1877, -0.1816,
          -0.3569, -0.3181, -0.0999, -0.3154, -0.2001, -0.2152, -0.2147,
          -0.0828,  0.2904, -0.3611, -0.3555, -0.0981,  0.0234,  0.2750,
          -0.0817, -0.2838,  0.3616,  0.2175, -0.2923, -0.1111,  0.1815,
          -0.3264, -0.0382, -0.0929,  0.0847]]]), 'conv1.bias': tensor([-6.4944e-03, -5.3698e-03,  1.8758e-03, -4.7701e-03, -5.9747e-03,
        -5.0007e-03, -9.7150e-03,  6.3694e-03, -3.1291e-03,  6.4324e-03,
         6.4079e-03, -6.9163e-03, -5.1187e-03, -3.6597e-03, -8.3801e-03,
         2.9774e-03, -6.0378e-03, -8.7885e-03, -2.9269e-03,  9.8198e-03,
         4.9296e-03,  2.6312e-03,  7.5565e-03, -1.8804e-05, -5.0375e-03,
         8.1551e-04,  6.3706e-03, -3.9034e-03, -3.1675e-03,  1.7007e-03,
        -8.0360e-03, -6.0624e-03,  5.9600e-03, -2.6043e-03, -2.6496e-03,
        -8.7042e-03,  1.7459e-03, -2.8740e-03,  5.0764e-03, -1.0447e-02,
        -5.1684e-03,  3.5046e-03, -4.0471e-03, -6.3259e-03, -1.9294e-03,
        -3.5765e-03,  4.3413e-03,  2.8244e-03,  1.0668e-02,  6.2112e-03,
        -6.3681e-04,  2.7491e-03,  2.7707e-03, -8.0761e-03,  2.7097e-03,
        -2.1128e-03,  9.7221e-03,  2.5084e-03, -6.5429e-03, -2.7666e-03,
         2.6010e-03, -7.1008e-03, -2.8743e-03, -9.1889e-04, -1.2133e-04,
        -7.0608e-03, -1.0224e-02,  2.5437e-03,  1.1353e-04, -2.8954e-03,
        -4.3206e-03,  8.2600e-03,  1.8609e-03,  6.3118e-03, -6.1261e-03,
         9.7599e-03, -8.9178e-03,  1.9229e-03, -5.3002e-03, -1.0134e-02,
         5.7324e-03,  6.2013e-03, -3.9916e-03,  5.2230e-03, -4.4962e-03,
        -3.2499e-03, -2.7759e-03,  6.3476e-03, -6.2185e-03,  1.3793e-03,
         6.4368e-03, -1.6382e-03,  5.5436e-03, -1.8485e-04, -2.5826e-04,
         6.4782e-03, -4.2227e-03,  7.6090e-03,  7.8584e-03, -7.8798e-03,
        -4.1339e-03,  7.1674e-04,  4.7035e-03,  2.1279e-03,  2.5049e-03,
        -1.3037e-03,  3.8323e-03, -1.0308e-02, -3.3414e-03,  3.8671e-03,
         1.9501e-03,  4.9906e-03, -2.0451e-03,  2.4201e-03, -2.7248e-03,
        -4.0346e-03, -4.7082e-03,  7.1453e-03, -6.2816e-03,  2.5105e-03,
        -5.4237e-03, -9.8661e-03, -6.4092e-03, -4.3763e-03, -2.0658e-03,
        -6.8167e-03,  2.9718e-03, -7.7329e-03]), 'conv1.lin.weight': tensor([[ 0.0365,  0.1008, -0.2030,  ..., -0.1264, -0.0583, -0.0051],
        [ 0.1865,  0.1176, -0.0055,  ...,  0.1543,  0.0616,  0.0825],
        [-0.1974, -0.1198,  0.1893,  ..., -0.1317,  0.1413, -0.1298],
        ...,
        [ 0.0720,  0.0276,  0.1320,  ...,  0.0051, -0.0953, -0.1268],
        [ 0.1239, -0.0406,  0.0027,  ..., -0.1193, -0.1476,  0.2122],
        [ 0.1416,  0.0385,  0.1485,  ...,  0.0565,  0.0518,  0.1546]]), 'conv2.att_src': tensor([[[-0.1422,  0.0606,  0.2365,  0.1802,  0.2869,  0.2860, -0.2676,
          -0.1323,  0.1124, -0.0151, -0.0106,  0.0207, -0.1821, -0.1008,
           0.0807,  0.0072,  0.0340,  0.1941, -0.0086,  0.2229, -0.0677,
          -0.1496,  0.2587, -0.0448, -0.0596,  0.2100, -0.0633,  0.1748,
          -0.2133,  0.1254,  0.0453,  0.1590,  0.2494, -0.0014,  0.1240,
          -0.0574,  0.1369, -0.1853, -0.1120,  0.1413,  0.1779,  0.0166,
          -0.2068,  0.0279,  0.2563,  0.0049, -0.0617,  0.2179,  0.2613,
           0.1422, -0.0864, -0.2216, -0.0503,  0.1518, -0.1607, -0.0138,
           0.2236, -0.1691,  0.1805,  0.0460, -0.2942,  0.0997,  0.2589,
           0.2613]]]), 'conv2.att_dst': tensor([[[-0.0750,  0.0063, -0.2957,  0.1009, -0.0869,  0.1395, -0.2630,
          -0.2764,  0.2811, -0.1099,  0.1787, -0.2489, -0.1046, -0.0963,
          -0.1653, -0.3039,  0.0722, -0.2259,  0.0500, -0.0297, -0.0437,
          -0.1052,  0.1175, -0.1563, -0.2110,  0.2226, -0.0938, -0.0112,
          -0.0504,  0.1069,  0.0964,  0.2635,  0.0058, -0.0956, -0.0656,
          -0.1168, -0.0433, -0.1321,  0.0165, -0.2302, -0.0606,  0.2969,
          -0.0187,  0.2064,  0.0920, -0.1378,  0.1354, -0.2564,  0.1625,
          -0.2510,  0.2926,  0.2273, -0.2090, -0.2691, -0.0204,  0.1494,
          -0.2501, -0.2496,  0.0033, -0.0584, -0.2783,  0.2866,  0.2632,
           0.2351]]]), 'conv2.bias': tensor([-2.2744e-04, -3.2567e-03, -7.3714e-04,  3.1877e-03, -7.1224e-04,
         3.6320e-03,  1.8083e-03,  6.5927e-04,  5.6463e-03, -3.6013e-03,
         7.7216e-04,  4.3392e-03, -4.7152e-03, -3.1806e-03,  1.6671e-03,
         2.8065e-03,  2.6406e-04,  1.8483e-03,  2.6909e-03,  3.0632e-03,
        -7.6979e-04, -1.5063e-03, -2.9012e-04, -3.6072e-03, -4.3478e-03,
        -2.7002e-04, -3.9680e-03, -2.6159e-03, -9.0277e-04,  1.4842e-03,
         2.1216e-03,  1.8419e-03,  5.7414e-03,  3.5112e-03,  1.6409e-03,
        -4.5327e-03,  4.0573e-04, -8.4156e-04, -4.4866e-03,  7.9371e-04,
         5.7405e-03,  2.7458e-03, -5.8435e-04,  2.9337e-03,  3.4743e-03,
        -1.0797e-03,  5.9601e-03,  3.8472e-03, -1.7549e-03,  4.2304e-03,
         1.4164e-05, -3.5641e-03, -8.5489e-03, -6.1927e-05, -5.0325e-03,
         3.2914e-04,  3.9219e-03, -1.8052e-04,  2.0699e-03,  7.6757e-04,
        -4.0341e-03,  2.2153e-03,  2.1061e-03,  4.5657e-04]), 'conv2.lin.weight': tensor([[ 0.0563,  0.0759,  0.1230,  ...,  0.0489,  0.0379, -0.0443],
        [-0.0535, -0.1320, -0.1552,  ...,  0.0599,  0.0669,  0.0456],
        [-0.0941, -0.0765,  0.0158,  ..., -0.0649,  0.1605, -0.1665],
        ...,
        [ 0.0113,  0.0406, -0.1264,  ..., -0.1391, -0.1561, -0.0009],
        [-0.1490, -0.1001, -0.1811,  ..., -0.0086, -0.0926, -0.1109],
        [ 0.0730,  0.0198,  0.0800,  ..., -0.0144, -0.1590,  0.1521]])}}, {'model': 'GraphSAGE', 'best_val_auc': 0.7532188841201717, 'test_auc': 0.7498467198038015, 'test_ap': 0.6668387729607929, 'best_epoch': 50, 'best_state': {'conv1.lin_l.weight': tensor([[-0.0191,  0.0006,  0.0327,  ..., -0.0719,  0.1459,  0.0301],
        [ 0.1940,  0.1833, -0.2878,  ...,  0.0239, -0.1876, -0.1767],
        [-0.2483,  0.1199, -0.1340,  ..., -0.2368, -0.3138,  0.2780],
        ...,
        [-0.1113, -0.0430,  0.0569,  ..., -0.2450,  0.0880,  0.0530],
        [ 0.0515, -0.0743, -0.1139,  ..., -0.0370,  0.1943,  0.1421],
        [ 0.0886, -0.1675, -0.2610,  ..., -0.0114,  0.0022,  0.0479]]), 'conv1.lin_l.bias': tensor([ 0.0207,  0.1387, -0.2790,  0.2436, -0.0124, -0.3279, -0.3295, -0.2080,
        -0.2696,  0.1913,  0.1351,  0.0349, -0.1355, -0.3311,  0.0347, -0.0684,
        -0.2026, -0.1666,  0.0816, -0.3276, -0.2610, -0.3122, -0.0870,  0.3001,
        -0.2794, -0.2224,  0.1398,  0.1339, -0.2939,  0.0595,  0.0202,  0.1002,
         0.0170, -0.0117,  0.1065, -0.3175, -0.0294, -0.1059,  0.0335,  0.0391,
        -0.1591, -0.3297, -0.1097, -0.1876,  0.0262,  0.3195, -0.3586, -0.2856,
        -0.2783, -0.0788, -0.2772,  0.0184, -0.0556,  0.2482,  0.0572,  0.0909,
         0.2432, -0.2435, -0.3588,  0.1124, -0.1812, -0.1552, -0.0295, -0.2775,
         0.2866,  0.2330,  0.1390,  0.1931,  0.1916, -0.3144, -0.3270,  0.1510,
         0.2696,  0.0585,  0.1480,  0.2145, -0.1527,  0.2401,  0.0497,  0.2420,
        -0.2472, -0.1659,  0.0775,  0.0885, -0.0083,  0.1621,  0.2904,  0.0509,
         0.1436, -0.2366, -0.3067,  0.3075,  0.0251, -0.0941,  0.1085,  0.1030,
        -0.2611,  0.1349,  0.2784, -0.0857,  0.2014, -0.0859,  0.0871, -0.2503,
        -0.1943,  0.1154,  0.1808, -0.2100,  0.0605, -0.3177, -0.2967, -0.0299,
        -0.1214, -0.3349,  0.1549, -0.2696,  0.1056, -0.0678,  0.2511,  0.0618,
         0.0311, -0.1334, -0.1910, -0.3107,  0.2144, -0.2499, -0.0977, -0.0699]), 'conv1.lin_r.weight': tensor([[-0.0724,  0.1380,  0.1392,  ..., -0.2197, -0.2742, -0.2668],
        [ 0.0026,  0.1857,  0.1816,  ...,  0.0761, -0.1697,  0.0519],
        [ 0.2898,  0.2341,  0.2757,  ..., -0.1439,  0.1923,  0.1095],
        ...,
        [ 0.0919,  0.0286, -0.2038,  ..., -0.1485,  0.1842,  0.0942],
        [-0.2309,  0.2705, -0.3394,  ...,  0.0514,  0.0762,  0.2938],
        [-0.1593, -0.0559,  0.1168,  ...,  0.1113, -0.0661,  0.0710]]), 'conv2.lin_l.weight': tensor([[-0.0376,  0.0333,  0.0374,  ...,  0.0923,  0.0163, -0.0240],
        [-0.0072,  0.0108,  0.0255,  ...,  0.0309,  0.0439, -0.0058],
        [ 0.0626,  0.0069, -0.0189,  ...,  0.0046,  0.0630, -0.0645],
        ...,
        [-0.0616, -0.0703,  0.0329,  ...,  0.0433, -0.0362, -0.0374],
        [-0.0087,  0.0353, -0.0194,  ...,  0.0526, -0.0225,  0.0176],
        [ 0.0248,  0.0388, -0.0753,  ...,  0.0283, -0.0845,  0.0377]]), 'conv2.lin_l.bias': tensor([-0.0197, -0.0791, -0.0843,  0.0062,  0.0396, -0.0413, -0.0133,  0.0572,
        -0.0517,  0.0436, -0.0308,  0.0418,  0.0612,  0.0732,  0.0458,  0.0235,
         0.0684, -0.0147, -0.0281,  0.0582, -0.0121, -0.0063,  0.0210, -0.0577,
        -0.0738, -0.0816, -0.0349, -0.0419, -0.0129,  0.0324,  0.0174, -0.0089,
         0.0610,  0.0326,  0.0368, -0.0862, -0.0138, -0.0217, -0.0269,  0.0457,
         0.0567, -0.0002, -0.0166,  0.0792, -0.0150, -0.0937, -0.0143,  0.0022,
         0.0145,  0.0844, -0.0009,  0.0556, -0.0527,  0.0333, -0.0295, -0.0132,
         0.0298,  0.0089, -0.0177, -0.0619, -0.0172, -0.0484,  0.0037,  0.0387]), 'conv2.lin_r.weight': tensor([[ 0.0155, -0.0582, -0.0315,  ...,  0.0421,  0.0589, -0.0714],
        [ 0.0391, -0.0135,  0.0365,  ..., -0.0266, -0.0383, -0.0810],
        [ 0.0088,  0.0413, -0.0379,  ...,  0.0449, -0.0585,  0.0035],
        ...,
        [ 0.0523, -0.0806, -0.0050,  ...,  0.0272, -0.0423, -0.0344],
        [-0.0112, -0.0060,  0.0102,  ...,  0.0388, -0.0303,  0.0469],
        [ 0.0508, -0.0015,  0.0341,  ..., -0.0640, -0.0592, -0.0684]])}}]
[{'model': 'GCN', 'best_val_auc': 0.5, 'test_auc': 0.5, 'test_ap': 0.5, 'best_epoch': 1, 'best_state': {'conv1.bias': tensor([-0.0089,  0.0000,  0.0000,  0.0000, -0.0104,  0.0000,  0.0000,  0.0098,
         0.0000, -0.0104,  0.0000,  0.0000, -0.0095, -0.0088,  0.0000,  0.0112,
         0.0000, -0.0105, -0.0104,  0.0000,  0.0000,  0.0000, -0.0103,  0.0000,
        -0.0104,  0.0109, -0.0102,  0.0000, -0.0104,  0.0000,  0.0073, -0.0045,
        -0.0101, -0.0090, -0.0107,  0.0000, -0.0108,  0.0097,  0.0000, -0.0092,
        -0.0102,  0.0000, -0.0087,  0.0000,  0.0000,  0.0000,  0.0108,  0.0000,
         0.0004,  0.0000,  0.0000,  0.0000,  0.0000, -0.0037,  0.0000, -0.0100,
        -0.0102, -0.0090,  0.0110, -0.0101,  0.0000,  0.0000, -0.0100,  0.0000,
         0.0000,  0.0000, -0.0081,  0.0000,  0.0000, -0.0105,  0.0000,  0.0000,
        -0.0103, -0.0104,  0.0000,  0.0000,  0.0000,  0.0000, -0.0041, -0.0104,
         0.0000,  0.0000, -0.0097,  0.0000,  0.0000, -0.0093, -0.0102,  0.0000,
        -0.0105,  0.0000, -0.0106, -0.0099, -0.0089,  0.0000,  0.0107,  0.0068,
        -0.0104,  0.0000,  0.0000,  0.0000,  0.0000,  0.0101,  0.0000, -0.0101,
         0.0000, -0.0103,  0.0000, -0.0103,  0.0000,  0.0000,  0.0000,  0.0000,
         0.0000, -0.0095,  0.0106, -0.0070, -0.0103, -0.0105,  0.0000,  0.0000,
        -0.0105,  0.0000, -0.0104,  0.0000,  0.0000,  0.0000,  0.0000,  0.0000]), 'conv1.lin.weight': tensor([[-0.0258, -0.0576, -0.0495,  ..., -0.0394,  0.0390,  0.0456],
        [ 0.0367, -0.0224, -0.0558,  ..., -0.0823, -0.0753, -0.0173],
        [ 0.0329, -0.0533,  0.0215,  ..., -0.0818, -0.0174,  0.0590],
        ...,
        [-0.0237,  0.0851,  0.0869,  ..., -0.0295, -0.0528,  0.0413],
        [-0.0948,  0.0312, -0.0018,  ...,  0.0080,  0.0442,  0.0209],
        [ 0.0787, -0.0734,  0.0195,  ...,  0.0885,  0.0802, -0.0776]]), 'conv2.bias': tensor([-0.0034,  0.0102, -0.0004,  0.0107, -0.0055, -0.0012,  0.0106, -0.0104,
         0.0094,  0.0085, -0.0032,  0.0057, -0.0107,  0.0086,  0.0103,  0.0103,
         0.0012, -0.0088,  0.0027,  0.0100,  0.0099,  0.0103,  0.0108, -0.0095,
         0.0025,  0.0103,  0.0080,  0.0103,  0.0102, -0.0105, -0.0014,  0.0106,
        -0.0080, -0.0103, -0.0106,  0.0105, -0.0107,  0.0100, -0.0092, -0.0085,
         0.0042, -0.0102,  0.0106,  0.0101, -0.0106, -0.0042, -0.0076, -0.0108,
        -0.0104,  0.0019,  0.0008,  0.0103, -0.0106,  0.0105,  0.0099,  0.0104,
        -0.0085, -0.0050, -0.0107, -0.0095, -0.0105,  0.0104,  0.0102,  0.0045]), 'conv2.lin.weight': tensor([[ 0.0329,  0.0056,  0.0661,  ..., -0.1058, -0.1604, -0.0526],
        [-0.0137, -0.1662, -0.0220,  ...,  0.0008,  0.1679, -0.1456],
        [ 0.0347, -0.0250,  0.0355,  ..., -0.0361,  0.1454, -0.1352],
        ...,
        [ 0.0401,  0.1089,  0.0149,  ..., -0.0369,  0.0845,  0.0378],
        [-0.1327, -0.1078, -0.1597,  ...,  0.0285, -0.1268,  0.1163],
        [-0.1381, -0.1192,  0.0118,  ...,  0.0028,  0.0858,  0.1269]])}}, {'model': 'GAT', 'best_val_auc': 0.5, 'test_auc': 0.5, 'test_ap': 0.5, 'best_epoch': 1, 'best_state': {'conv1.att_src': tensor([[[-0.2377,  0.0132, -0.1008, -0.4004,  0.1217,  0.2532,  0.0810,
          -0.1461, -0.0826,  0.2154, -0.1501,  0.1638, -0.2764,  0.2349,
          -0.1436,  0.0403, -0.3454, -0.3516,  0.2508, -0.0043,  0.0743,
          -0.0310,  0.1504, -0.2114,  0.3511,  0.1918,  0.3600,  0.3194,
          -0.1818, -0.3354, -0.3107, -0.1576],
         [ 0.0450,  0.3148, -0.2620, -0.3212,  0.0760,  0.1983,  0.2249,
          -0.1699, -0.2577, -0.2844,  0.0828, -0.2813, -0.1552, -0.1862,
           0.3671,  0.3295, -0.1097, -0.0926,  0.1568,  0.0929, -0.3601,
          -0.3808, -0.3877, -0.2618,  0.2948,  0.0989, -0.1616,  0.3405,
           0.3876, -0.3115, -0.2243,  0.0403],
         [ 0.2861, -0.3910, -0.3941, -0.4087,  0.2445, -0.3569,  0.3171,
           0.1397,  0.3764, -0.0309,  0.3219,  0.2303, -0.3740, -0.0437,
          -0.3145,  0.3777, -0.1258, -0.2792, -0.3429,  0.1027, -0.3037,
           0.1865, -0.3129, -0.0353, -0.2307, -0.0206, -0.0624, -0.0091,
          -0.3113, -0.1671, -0.0992,  0.1385],
         [ 0.2711,  0.3442,  0.1216, -0.0847, -0.1686, -0.1468, -0.2333,
           0.2037,  0.3130, -0.3256, -0.0696,  0.3157,  0.2960,  0.2369,
           0.2560,  0.2275, -0.2522,  0.2600, -0.1066,  0.2887,  0.3705,
           0.3910, -0.3610,  0.2097,  0.1837, -0.1978, -0.0373, -0.0352,
           0.0355,  0.1543,  0.3568, -0.0320]]]), 'conv1.att_dst': tensor([[[-0.3687,  0.0805, -0.3626,  0.2749,  0.1002, -0.2928,  0.3232,
           0.3709, -0.2759, -0.3774, -0.3327,  0.0090,  0.1591,  0.1890,
          -0.0815, -0.0408, -0.3608, -0.3400, -0.3554,  0.2427, -0.2995,
          -0.0162, -0.2701,  0.3805, -0.0552, -0.0423, -0.1911, -0.1275,
           0.1691,  0.0108, -0.1856,  0.1087],
         [-0.2527, -0.3506,  0.0821, -0.2155,  0.3728, -0.1642, -0.0410,
           0.3629, -0.3120,  0.0013, -0.0288,  0.1070, -0.4048, -0.2748,
           0.1493, -0.2525, -0.2706,  0.1965, -0.1172, -0.0275, -0.3707,
           0.2995,  0.2675, -0.1763,  0.2851, -0.1440,  0.1496, -0.0758,
          -0.3451, -0.3972, -0.0743,  0.0755],
         [ 0.0703,  0.0608, -0.0271,  0.2121, -0.2456, -0.3581, -0.2040,
           0.1994,  0.0185,  0.2101, -0.0900,  0.2932,  0.1109, -0.0818,
          -0.0868, -0.3200, -0.3582,  0.4048,  0.2269,  0.0095,  0.1628,
          -0.0971,  0.2937, -0.1697, -0.2945, -0.3021, -0.3011,  0.0885,
          -0.1513, -0.2568, -0.3598, -0.3211],
         [-0.0106,  0.2147,  0.3013,  0.1116,  0.3716,  0.3214,  0.0337,
          -0.3147,  0.1688,  0.1762, -0.1283,  0.2375, -0.3211,  0.3614,
           0.0711,  0.2634, -0.1931, -0.0292,  0.1890,  0.0463,  0.0430,
          -0.0276, -0.0968,  0.0917, -0.2755,  0.1058,  0.0547,  0.0274,
          -0.3217,  0.2162,  0.1379,  0.0238]]]), 'conv1.bias': tensor([-0.0073,  0.0055,  0.0092, -0.0010, -0.0096, -0.0013, -0.0003,  0.0014,
         0.0054,  0.0075,  0.0018,  0.0048, -0.0069,  0.0025,  0.0036, -0.0104,
         0.0022, -0.0090,  0.0009,  0.0062,  0.0068,  0.0006,  0.0064, -0.0044,
        -0.0053,  0.0076, -0.0067,  0.0038, -0.0049,  0.0002, -0.0074,  0.0033,
         0.0087, -0.0054,  0.0021, -0.0039,  0.0058, -0.0029,  0.0061, -0.0064,
         0.0027, -0.0031, -0.0062,  0.0023, -0.0026, -0.0053,  0.0013, -0.0050,
         0.0053, -0.0056, -0.0041, -0.0055, -0.0085, -0.0064, -0.0040, -0.0015,
         0.0025, -0.0063, -0.0057,  0.0041, -0.0077,  0.0020, -0.0002, -0.0066,
         0.0028, -0.0101,  0.0066,  0.0084, -0.0090,  0.0060,  0.0016, -0.0028,
        -0.0048, -0.0056,  0.0081,  0.0055,  0.0069, -0.0031, -0.0018, -0.0069,
         0.0027,  0.0042,  0.0011, -0.0009, -0.0012, -0.0021, -0.0070, -0.0093,
         0.0015, -0.0061, -0.0055,  0.0042,  0.0017, -0.0062,  0.0034,  0.0021,
         0.0016,  0.0016, -0.0092, -0.0005,  0.0008,  0.0024, -0.0087,  0.0084,
        -0.0050,  0.0022, -0.0099, -0.0041, -0.0096, -0.0067, -0.0071, -0.0046,
        -0.0028,  0.0077, -0.0092, -0.0031,  0.0039, -0.0060, -0.0049,  0.0051,
         0.0082,  0.0079,  0.0014, -0.0060, -0.0066, -0.0081, -0.0087, -0.0067]), 'conv1.lin.weight': tensor([[ 0.0475, -0.0073,  0.0921,  ..., -0.0798, -0.0863,  0.0790],
        [-0.0132, -0.0717,  0.0693,  ..., -0.0640,  0.0178, -0.0153],
        [ 0.0733, -0.0201, -0.0713,  ...,  0.0584,  0.0850, -0.0589],
        ...,
        [ 0.0201,  0.0398, -0.0310,  ...,  0.0895, -0.0079, -0.0101],
        [-0.0487,  0.0429, -0.0134,  ...,  0.0357, -0.0225,  0.0639],
        [ 0.0684,  0.0633, -0.0090,  ...,  0.0065, -0.0652, -0.0929]]), 'conv2.att_src': tensor([[[ 0.1420, -0.1711,  0.1190,  0.1931,  0.2721,  0.1414,  0.1635,
           0.3024,  0.1149,  0.1279, -0.2770, -0.2249,  0.0992, -0.1628,
           0.2442,  0.2663, -0.2292, -0.0745,  0.2105, -0.0130, -0.0868,
           0.0574, -0.0747, -0.0942,  0.2728, -0.0673, -0.3040, -0.0510,
           0.0036, -0.2951, -0.0099, -0.0788,  0.1653, -0.2874,  0.1234,
          -0.1635, -0.1103, -0.1906, -0.2188,  0.2227,  0.0696, -0.2435,
          -0.2755,  0.0004,  0.0147,  0.2338, -0.2055, -0.2870, -0.2495,
           0.2927,  0.2536, -0.0212, -0.1514,  0.0171,  0.2076,  0.2048,
          -0.1601,  0.2664,  0.2291,  0.1241, -0.0787, -0.1177, -0.1557,
          -0.2683]]]), 'conv2.att_dst': tensor([[[ 0.2954,  0.0844, -0.0452,  0.1512,  0.0536,  0.0379,  0.2253,
          -0.1500, -0.1117,  0.1868,  0.1736, -0.1865, -0.1406,  0.2842,
           0.0498, -0.0427, -0.1462,  0.1085, -0.0176, -0.0844,  0.2527,
          -0.2878,  0.2351,  0.2414, -0.1339,  0.1334, -0.1455,  0.1803,
           0.1053,  0.0030,  0.0463, -0.2671,  0.1267, -0.1979, -0.1044,
          -0.1392, -0.1158, -0.1744,  0.0814, -0.1823,  0.2861,  0.2073,
           0.0342,  0.1468, -0.0631, -0.1125, -0.0168, -0.2754, -0.2242,
           0.1857,  0.1732,  0.1616, -0.2117, -0.2676,  0.2362, -0.0968,
           0.0642, -0.0708, -0.1028,  0.2483,  0.0320,  0.1880, -0.0159,
          -0.1502]]]), 'conv2.bias': tensor([ 1.0715e-03, -3.0263e-03, -4.6492e-04,  2.3869e-03,  2.2548e-03,
         1.4273e-03,  2.8326e-03,  3.4282e-03,  3.2783e-04, -1.6075e-03,
         7.1104e-04, -1.1519e-05,  1.8098e-03, -2.9587e-04,  2.0251e-03,
         3.7119e-03,  1.4565e-03, -4.5292e-04, -3.0706e-03, -6.7880e-05,
         9.8038e-05, -1.8769e-03,  1.5855e-03,  3.6341e-03,  2.3721e-03,
         2.7238e-03, -4.5330e-03, -2.9262e-03, -1.5155e-04, -2.3406e-03,
         7.6382e-04, -3.4732e-03,  2.1353e-03, -1.1065e-03,  1.3657e-04,
        -1.1343e-03, -3.2617e-04, -1.6027e-03, -1.2699e-04,  3.2217e-03,
        -2.1837e-03, -2.3493e-03, -1.3388e-03,  1.1168e-03,  3.5262e-03,
         5.4456e-04, -2.0554e-03,  1.0666e-03, -9.2256e-04, -2.2723e-03,
         1.9108e-03, -2.6102e-03,  2.8026e-04, -1.1374e-03,  1.9346e-03,
        -4.9057e-03, -6.4299e-04,  1.6146e-03,  2.9842e-03,  5.8261e-04,
        -3.1205e-03,  3.0067e-04,  2.4059e-03,  1.5666e-03]), 'conv2.lin.weight': tensor([[ 0.0653, -0.0286, -0.0894,  ..., -0.1108,  0.0731, -0.0611],
        [-0.1275,  0.1566,  0.1546,  ...,  0.0270, -0.0722, -0.0652],
        [-0.1477, -0.1694,  0.0234,  ..., -0.0457, -0.0931,  0.1076],
        ...,
        [-0.1486,  0.0751, -0.0437,  ...,  0.0168,  0.1494,  0.0263],
        [-0.1791, -0.1445, -0.0208,  ...,  0.0153,  0.1556,  0.0529],
        [-0.0853, -0.0832,  0.1721,  ..., -0.0675, -0.0669,  0.0816]])}}, {'model': 'GraphSAGE', 'best_val_auc': 0.7004904966278357, 'test_auc': 0.6998773758430411, 'test_ap': 0.6253918225015328, 'best_epoch': 6, 'best_state': {'conv1.lin_l.weight': tensor([[-0.0407,  0.0154, -0.0107,  ...,  0.0281, -0.0489,  0.0156],
        [-0.0108,  0.0138, -0.0216,  ...,  0.0301,  0.0194, -0.0232],
        [-0.0462, -0.0505, -0.0068,  ..., -0.0276, -0.0356, -0.0428],
        ...,
        [ 0.0096,  0.0171, -0.0262,  ...,  0.0335, -0.0215, -0.0485],
        [ 0.0002, -0.0016,  0.0325,  ...,  0.0075, -0.0119, -0.0284],
        [ 0.0018,  0.0320,  0.0279,  ...,  0.0075,  0.0098, -0.0391]]), 'conv1.lin_l.bias': tensor([ 0.0015,  0.0117, -0.0391, -0.0135, -0.0029, -0.0333, -0.0022, -0.0423,
         0.0086, -0.0533, -0.0408,  0.0229, -0.0422, -0.0086,  0.0131, -0.0488,
        -0.0209,  0.0259, -0.0134,  0.0135,  0.0077, -0.0001, -0.0302,  0.0113,
         0.0463, -0.0263,  0.0006, -0.0040, -0.0290, -0.0139,  0.0052,  0.0283,
        -0.0201,  0.0233,  0.0166, -0.0505,  0.0273,  0.0196, -0.0407, -0.0068,
         0.0350,  0.0230, -0.0075, -0.0440, -0.0375, -0.0426,  0.0047,  0.0371,
         0.0410,  0.0448,  0.0065,  0.0088, -0.0009, -0.0456, -0.0177, -0.0345,
         0.0062, -0.0016, -0.0362,  0.0075, -0.0049, -0.0167,  0.0242, -0.0423,
         0.0237,  0.0153, -0.0272,  0.0083, -0.0317,  0.0127, -0.0441, -0.0180,
        -0.0252, -0.0317,  0.0187, -0.0498,  0.0415,  0.0284, -0.0286,  0.0310,
        -0.0267, -0.0035,  0.0127, -0.0414, -0.0245, -0.0174,  0.0288, -0.0061,
         0.0037, -0.0027, -0.0453,  0.0100, -0.0107, -0.0382, -0.0462, -0.0331,
        -0.0196, -0.0036, -0.0038,  0.0415, -0.0489,  0.0101, -0.0289, -0.0390,
        -0.0178,  0.0347, -0.0362, -0.0332, -0.0190, -0.0061, -0.0336, -0.0394,
         0.0168, -0.0135, -0.0077,  0.0304, -0.0197,  0.0139,  0.0276, -0.0208,
        -0.0341,  0.0320, -0.0442, -0.0054, -0.0381,  0.0051,  0.0486,  0.0441]), 'conv1.lin_r.weight': tensor([[-0.0409,  0.0071,  0.0024,  ...,  0.0364,  0.0480,  0.0245],
        [-0.0123,  0.0019, -0.0450,  ...,  0.0164, -0.0171, -0.0271],
        [-0.0565, -0.0267, -0.0193,  ..., -0.0248,  0.0539, -0.0262],
        ...,
        [-0.0082,  0.0296, -0.0129,  ..., -0.0038,  0.0017, -0.0181],
        [ 0.0045, -0.0063,  0.0310,  ..., -0.0324, -0.0499, -0.0061],
        [ 0.0105,  0.0256,  0.0325,  ..., -0.0010, -0.0074, -0.0201]]), 'conv2.lin_l.weight': tensor([[-0.0610,  0.0062,  0.0344,  ...,  0.0746, -0.0051,  0.0544],
        [-0.0467, -0.0788,  0.0167,  ...,  0.0620,  0.0219,  0.0275],
        [-0.0233,  0.0228,  0.0739,  ...,  0.0443, -0.0234,  0.0437],
        ...,
        [-0.0115,  0.0693,  0.0772,  ...,  0.0045, -0.0887,  0.0373],
        [ 0.0370,  0.0160, -0.0087,  ...,  0.0171,  0.0548,  0.0370],
        [ 0.0214,  0.0551,  0.0257,  ...,  0.0617,  0.0748,  0.0565]]), 'conv2.lin_l.bias': tensor([ 0.0384, -0.0154, -0.0017,  0.0686,  0.0596,  0.0014, -0.0568, -0.0255,
        -0.0164, -0.0778,  0.0564, -0.0516,  0.0811, -0.0564, -0.0724,  0.0090,
        -0.0624,  0.0769,  0.0477, -0.0067, -0.0060, -0.0590, -0.0386, -0.0647,
         0.0172,  0.0378, -0.0163, -0.0480, -0.0410, -0.0541,  0.0195,  0.0656,
         0.0526, -0.0616, -0.0478,  0.0301, -0.0720,  0.0457, -0.0561,  0.0383,
         0.0398,  0.0374, -0.0568,  0.0321, -0.0193, -0.0875,  0.0235,  0.0102,
         0.0630, -0.0213, -0.0692, -0.0206,  0.0474, -0.0462, -0.0839,  0.0029,
        -0.0682, -0.0609, -0.0681,  0.0565, -0.0037, -0.0935,  0.0422, -0.0514]), 'conv2.lin_r.weight': tensor([[ 0.0261,  0.0365, -0.0116,  ..., -0.0400, -0.0564, -0.0253],
        [-0.0414,  0.0678, -0.0647,  ...,  0.0349,  0.0841, -0.0361],
        [ 0.0112, -0.0007,  0.0275,  ...,  0.0252,  0.0224,  0.0063],
        ...,
        [-0.0549,  0.0239, -0.0387,  ...,  0.0542,  0.0229, -0.0572],
        [ 0.0638,  0.0172, -0.0389,  ..., -0.0037,  0.0217,  0.0312],
        [-0.0918, -0.0215, -0.0340,  ..., -0.0700, -0.0426,  0.0612]])}}]
[{'model': 'GCN', 'best_val_auc': 0.5, 'test_auc': 0.5, 'test_ap': 0.5, 'best_epoch': 1, 'best_state': {'conv1.bias': tensor([ 0.0000,  0.0000,  0.0000, -0.0102, -0.0099,  0.0000, -0.0019,  0.0000,
         0.0000, -0.0096,  0.0105, -0.0093, -0.0086,  0.0000,  0.0000,  0.0105,
         0.0000,  0.0000,  0.0000,  0.0000,  0.0000, -0.0099,  0.0000, -0.0101,
        -0.0104,  0.0000,  0.0000, -0.0099, -0.0102,  0.0000,  0.0000,  0.0000,
         0.0000,  0.0000, -0.0105, -0.0095,  0.0000, -0.0085,  0.0105, -0.0101,
         0.0000,  0.0000,  0.0000,  0.0107,  0.0000,  0.0000,  0.0106,  0.0000,
         0.0000, -0.0091, -0.0097, -0.0100,  0.0000, -0.0097, -0.0099,  0.0000,
         0.0000, -0.0028,  0.0000,  0.0105,  0.0000, -0.0093,  0.0000,  0.0077,
         0.0000,  0.0000, -0.0101,  0.0000, -0.0098, -0.0078, -0.0103,  0.0000,
         0.0000, -0.0098, -0.0103,  0.0000, -0.0100,  0.0000,  0.0000,  0.0000,
         0.0000,  0.0000, -0.0088, -0.0101, -0.0106, -0.0101, -0.0101, -0.0102,
         0.0000, -0.0101, -0.0102,  0.0000,  0.0000,  0.0000,  0.0000,  0.0000,
         0.0000,  0.0000, -0.0101, -0.0104,  0.0000, -0.0096,  0.0000,  0.0000,
         0.0077,  0.0000,  0.0106,  0.0000,  0.0000,  0.0000, -0.0085,  0.0000,
        -0.0103, -0.0102,  0.0102,  0.0109, -0.0089, -0.0108,  0.0000, -0.0105,
         0.0104, -0.0104, -0.0070,  0.0000,  0.0000,  0.0096, -0.0106, -0.0095]), 'conv1.lin.weight': tensor([[-0.0677,  0.0308, -0.0596,  ..., -0.0517,  0.0224,  0.0850],
        [-0.0048, -0.0418, -0.0402,  ..., -0.0149, -0.0774,  0.0543],
        [ 0.0175, -0.0044, -0.0506,  ..., -0.0461,  0.0435,  0.0104],
        ...,
        [ 0.0186,  0.0690,  0.0085,  ..., -0.0254,  0.0433, -0.0919],
        [ 0.0189,  0.0487, -0.0252,  ..., -0.0599,  0.0444,  0.0471],
        [ 0.0135,  0.0181,  0.0086,  ...,  0.0022,  0.0551, -0.0204]]), 'conv2.bias': tensor([ 0.0099,  0.0104,  0.0104,  0.0101, -0.0106, -0.0028, -0.0097,  0.0094,
        -0.0106, -0.0097,  0.0106,  0.0102,  0.0079,  0.0077,  0.0103,  0.0057,
         0.0039,  0.0017,  0.0104, -0.0085,  0.0070, -0.0106, -0.0035, -0.0107,
        -0.0104,  0.0107, -0.0038, -0.0035, -0.0013, -0.0066,  0.0099,  0.0091,
         0.0024, -0.0104,  0.0076, -0.0009,  0.0011, -0.0056, -0.0105, -0.0018,
        -0.0101, -0.0101, -0.0091, -0.0054, -0.0104, -0.0018,  0.0106, -0.0105,
        -0.0105, -0.0103, -0.0088, -0.0104,  0.0094, -0.0070,  0.0052,  0.0054,
         0.0103,  0.0011, -0.0105, -0.0102, -0.0103, -0.0098,  0.0074,  0.0079]), 'conv2.lin.weight': tensor([[-0.1757, -0.1761,  0.0967,  ...,  0.1373,  0.0679,  0.0780],
        [ 0.1598, -0.0861, -0.0751,  ..., -0.1298, -0.1348,  0.0957],
        [-0.0312,  0.0064,  0.1147,  ..., -0.0509,  0.1096, -0.0837],
        ...,
        [ 0.1194,  0.0998, -0.1673,  ...,  0.1344,  0.1667,  0.0311],
        [ 0.1605,  0.0235, -0.0575,  ..., -0.1030, -0.0283, -0.0928],
        [-0.0837, -0.1381,  0.0210,  ..., -0.1545,  0.0849, -0.0481]])}}, {'model': 'GAT', 'best_val_auc': 0.5, 'test_auc': 0.5, 'test_ap': 0.5, 'best_epoch': 1, 'best_state': {'conv1.att_src': tensor([[[ 0.3074,  0.1464, -0.3052, -0.0030,  0.1554, -0.1998,  0.4089,
           0.1370,  0.0095, -0.3943, -0.1399, -0.1175,  0.1901, -0.0331,
          -0.2305,  0.0716, -0.2606,  0.2665,  0.0954, -0.2162,  0.0074,
           0.1423,  0.3686,  0.1730,  0.0778,  0.3641,  0.2974, -0.3843,
           0.3227, -0.1447,  0.2344,  0.1201],
         [ 0.2462, -0.2961, -0.2705, -0.1441,  0.0308,  0.0632,  0.2548,
          -0.3456,  0.3995,  0.3368,  0.0051,  0.2764,  0.2834, -0.3815,
           0.0827,  0.2362,  0.3936, -0.1459,  0.3792,  0.1979,  0.2579,
          -0.3436,  0.2553, -0.0946,  0.0478,  0.2590,  0.3456, -0.0197,
           0.2841,  0.0823,  0.2786, -0.2526],
         [ 0.1805,  0.1963, -0.3552,  0.2416, -0.0986,  0.1716,  0.0576,
          -0.2465,  0.0643, -0.3829,  0.2341, -0.0368, -0.1503, -0.3696,
          -0.3660, -0.1257,  0.0561,  0.0180,  0.1352, -0.0632,  0.1573,
          -0.1515, -0.2722,  0.0469,  0.3182,  0.0260, -0.1697, -0.2345,
           0.2735, -0.2965,  0.1268, -0.2649],
         [ 0.2557,  0.3911,  0.3005, -0.2615, -0.1357, -0.3521, -0.3529,
           0.0250,  0.2361,  0.3438,  0.0584, -0.0926, -0.2744,  0.0113,
           0.3901,  0.1413,  0.3173, -0.0246,  0.0336, -0.1725,  0.0781,
           0.0317,  0.0265,  0.1819,  0.3494,  0.3539, -0.0659, -0.2315,
          -0.2177, -0.3701, -0.0889,  0.1828]]]), 'conv1.att_dst': tensor([[[ 0.3798,  0.0537, -0.2800,  0.3841, -0.3429,  0.2336,  0.3326,
          -0.1126, -0.0481, -0.4027, -0.0058, -0.1453, -0.0625,  0.3358,
           0.1110, -0.2754, -0.3572,  0.3338, -0.0150,  0.3222,  0.3866,
          -0.0339,  0.1693, -0.2117,  0.0192,  0.3836,  0.0921, -0.0005,
           0.3326, -0.4109,  0.3666,  0.3370],
         [ 0.0533,  0.1967, -0.3251, -0.1479, -0.0539, -0.3736,  0.0936,
          -0.3810, -0.2295, -0.1283,  0.3713,  0.0055,  0.1051,  0.1328,
          -0.2961,  0.3181,  0.2284,  0.0051, -0.1266,  0.3410, -0.0705,
          -0.0779,  0.3787, -0.1667,  0.2605, -0.3442,  0.3355, -0.3665,
           0.1076,  0.3686, -0.3193, -0.1679],
         [-0.0898, -0.0109,  0.0937, -0.1686, -0.0353,  0.2695,  0.0804,
          -0.0025,  0.0096, -0.2098, -0.3479, -0.0755,  0.3526, -0.0116,
           0.2990,  0.0893,  0.2496, -0.2312, -0.2510, -0.2273, -0.1163,
           0.3991,  0.0015,  0.3817, -0.2975,  0.0378,  0.1953, -0.0720,
           0.2024,  0.1108,  0.0417, -0.1208],
         [-0.3974, -0.2317, -0.2504, -0.0884,  0.0498,  0.0715,  0.3404,
          -0.1626, -0.0234, -0.0134, -0.0598, -0.3923, -0.3029, -0.1351,
          -0.1732, -0.2683,  0.3948,  0.2915, -0.2354,  0.1526, -0.4056,
          -0.2597,  0.3118,  0.1166,  0.3331, -0.2823,  0.2572, -0.0256,
          -0.1238,  0.2626,  0.1382,  0.2971]]]), 'conv1.bias': tensor([ 0.0092, -0.0100, -0.0090,  0.0091, -0.0092, -0.0056, -0.0006, -0.0107,
         0.0090,  0.0107, -0.0095, -0.0098, -0.0086, -0.0075, -0.0087, -0.0104,
        -0.0089,  0.0009, -0.0098, -0.0099,  0.0093, -0.0098, -0.0099,  0.0095,
        -0.0085, -0.0097,  0.0104, -0.0092, -0.0093, -0.0104,  0.0071,  0.0099,
        -0.0065, -0.0096,  0.0056, -0.0065, -0.0088, -0.0085,  0.0053,  0.0072,
        -0.0063, -0.0032, -0.0062, -0.0070, -0.0007,  0.0050, -0.0069, -0.0056,
         0.0088, -0.0085, -0.0076, -0.0098, -0.0105,  0.0065, -0.0096,  0.0012,
        -0.0101, -0.0098, -0.0098,  0.0083, -0.0099,  0.0097, -0.0101, -0.0091,
         0.0099, -0.0006, -0.0093, -0.0104, -0.0097,  0.0090, -0.0094,  0.0089,
         0.0100, -0.0102,  0.0096,  0.0078,  0.0091, -0.0051, -0.0095, -0.0087,
        -0.0091,  0.0085, -0.0103, -0.0102,  0.0081,  0.0087,  0.0082, -0.0106,
         0.0107, -0.0096, -0.0100, -0.0067,  0.0002, -0.0101,  0.0093,  0.0095,
        -0.0087, -0.0072,  0.0102, -0.0090, -0.0097,  0.0103, -0.0104,  0.0104,
        -0.0096, -0.0095, -0.0103, -0.0086, -0.0105, -0.0100,  0.0098,  0.0096,
        -0.0090, -0.0004, -0.0093, -0.0089,  0.0103, -0.0098,  0.0055,  0.0048,
        -0.0105, -0.0046, -0.0101, -0.0102, -0.0089, -0.0092,  0.0101, -0.0068]), 'conv1.lin.weight': tensor([[ 0.0772,  0.0541, -0.0221,  ..., -0.0751,  0.0062, -0.0410],
        [ 0.0486, -0.0807,  0.0660,  ..., -0.0111, -0.0743,  0.0253],
        [-0.0898, -0.0226, -0.0798,  ..., -0.0944,  0.0096,  0.0608],
        ...,
        [-0.0604, -0.0512,  0.0803,  ..., -0.0082, -0.0347,  0.0062],
        [ 0.0703, -0.0204,  0.0489,  ..., -0.0491, -0.0711, -0.0315],
        [ 0.0152,  0.0085, -0.0573,  ...,  0.0908,  0.0254,  0.0375]]), 'conv2.att_src': tensor([[[ 0.0177, -0.2617, -0.1722, -0.0327,  0.2386,  0.2672, -0.0208,
           0.1047,  0.0526, -0.0619,  0.0576,  0.2278, -0.1859,  0.2951,
           0.1903,  0.1098, -0.0161,  0.0912, -0.1513, -0.0429,  0.2408,
          -0.1848,  0.0167, -0.0331,  0.3000, -0.0541,  0.1297, -0.1048,
          -0.0585, -0.2865, -0.2940, -0.0668,  0.2361,  0.1839,  0.1108,
           0.2313, -0.1530,  0.2536,  0.2751,  0.0097, -0.2300,  0.0992,
           0.2686,  0.0144, -0.1550,  0.0816, -0.1143,  0.0379, -0.1798,
           0.0987,  0.0147,  0.1586,  0.1276,  0.2656, -0.0823,  0.2683,
           0.1994, -0.2131, -0.1131,  0.1268,  0.0796,  0.1145,  0.0787,
          -0.0552]]]), 'conv2.att_dst': tensor([[[-0.1617,  0.1905,  0.1192,  0.0169, -0.2076,  0.1616,  0.0255,
           0.0902, -0.2962,  0.1892, -0.1819,  0.2309, -0.1274, -0.0741,
          -0.1264, -0.0262, -0.2021,  0.2646,  0.0913,  0.2759, -0.1309,
           0.0145,  0.1075, -0.2955,  0.2771, -0.0276, -0.1310,  0.0731,
           0.1298,  0.1282,  0.2577, -0.1288, -0.2279, -0.0987, -0.2267,
          -0.0319,  0.1702,  0.1575, -0.1848,  0.1458, -0.0240, -0.1297,
          -0.2826, -0.0756,  0.2793, -0.1781, -0.2787,  0.0912, -0.1668,
           0.2213, -0.0958, -0.1104,  0.2125, -0.1821, -0.2722,  0.2435,
           0.1871, -0.1865,  0.0359,  0.0840, -0.0303, -0.2554,  0.1801,
          -0.0398]]]), 'conv2.bias': tensor([ 2.4063e-03, -6.9066e-04,  2.7008e-03, -9.7566e-04,  5.3303e-03,
         5.3725e-04, -1.7060e-03,  1.2143e-03,  8.4507e-04, -7.5032e-04,
         1.5347e-03, -7.3030e-03, -2.3863e-03, -7.8259e-05, -2.9840e-04,
         7.5513e-05,  2.1489e-04,  3.3419e-04,  3.9869e-03,  7.4466e-04,
        -6.1512e-04, -1.1068e-03,  1.4870e-03,  2.8243e-03,  1.9606e-03,
         1.9560e-03,  5.8845e-03, -1.0592e-03,  5.5175e-04,  2.2052e-04,
         2.2712e-03,  3.1194e-03,  2.5947e-03, -1.8357e-04, -3.7044e-05,
        -1.0352e-04, -7.4451e-04, -6.0185e-04,  2.4512e-03, -9.3407e-04,
         2.1710e-04, -3.3569e-03, -2.8212e-03, -2.3790e-04,  1.3174e-03,
        -5.6274e-04,  3.0077e-04, -1.0094e-03,  6.5531e-04,  1.9107e-03,
         9.1969e-04,  8.4373e-04,  6.2871e-03,  6.5668e-03,  1.0156e-03,
        -4.3012e-05,  2.3937e-03,  1.8039e-03, -1.8370e-03,  1.6588e-03,
         6.6240e-04, -1.6919e-03,  1.9929e-03, -1.0405e-03]), 'conv2.lin.weight': tensor([[-0.1485,  0.1174,  0.1236,  ...,  0.0267, -0.1684, -0.0746],
        [-0.0345, -0.0133,  0.0574,  ..., -0.1019, -0.1586,  0.0648],
        [ 0.0069,  0.0815, -0.0244,  ...,  0.1204,  0.0433, -0.1209],
        ...,
        [-0.1399, -0.1256, -0.0739,  ..., -0.1390,  0.0929, -0.0003],
        [ 0.0876,  0.0712,  0.0399,  ...,  0.0261, -0.1069,  0.0084],
        [-0.0975, -0.1656,  0.1225,  ..., -0.0362,  0.0471, -0.0494]])}}, {'model': 'GraphSAGE', 'best_val_auc': 0.6765787860208461, 'test_auc': 0.6722869405272839, 'test_ap': 0.604357401899521, 'best_epoch': 7, 'best_state': {'conv1.lin_l.weight': tensor([[-0.0340,  0.0092, -0.0102,  ..., -0.0391, -0.0011, -0.0343],
        [-0.0210,  0.0383, -0.0157,  ..., -0.0244, -0.0107, -0.0354],
        [-0.0407, -0.0365, -0.0274,  ...,  0.0097,  0.0091, -0.0228],
        ...,
        [-0.0150,  0.0404, -0.0029,  ..., -0.0076, -0.0401,  0.0297],
        [-0.0416,  0.0091, -0.0004,  ...,  0.0316, -0.0137, -0.0029],
        [ 0.0115,  0.0126,  0.0276,  ...,  0.0219,  0.0024,  0.0287]]), 'conv1.lin_l.bias': tensor([ 0.0327,  0.0188, -0.0091,  0.0296, -0.0145, -0.0461,  0.0020, -0.0333,
         0.0156, -0.0160,  0.0353, -0.0156, -0.0029,  0.0078,  0.0199,  0.0195,
         0.0233,  0.0149, -0.0111,  0.0114, -0.0308,  0.0185, -0.0164, -0.0173,
        -0.0218,  0.0237,  0.0254,  0.0028, -0.0116,  0.0128, -0.0097,  0.0421,
         0.0001,  0.0120, -0.0471,  0.0349,  0.0084,  0.0323,  0.0161,  0.0037,
        -0.0013,  0.0095, -0.0284, -0.0279, -0.0068, -0.0069, -0.0233, -0.0337,
        -0.0263,  0.0292, -0.0143, -0.0059, -0.0396, -0.0216,  0.0154,  0.0128,
         0.0046, -0.0218,  0.0132, -0.0376,  0.0291, -0.0279, -0.0314, -0.0220,
         0.0135, -0.0341, -0.0110, -0.0341, -0.0329,  0.0010, -0.0258, -0.0022,
         0.0015,  0.0286,  0.0131,  0.0221,  0.0236,  0.0437, -0.0119, -0.0218,
         0.0202, -0.0303,  0.0201, -0.0231, -0.0166,  0.0040, -0.0060, -0.0376,
        -0.0153,  0.0239,  0.0182,  0.0362,  0.0059,  0.0009, -0.0065,  0.0288,
        -0.0377,  0.0063, -0.0377, -0.0130, -0.0027, -0.0196, -0.0212,  0.0090,
         0.0199,  0.0207,  0.0330, -0.0270, -0.0032,  0.0088,  0.0099, -0.0296,
        -0.0430, -0.0266,  0.0289,  0.0119, -0.0029,  0.0395, -0.0057, -0.0174,
        -0.0053, -0.0149,  0.0222, -0.0363, -0.0225,  0.0240, -0.0078, -0.0111]), 'conv1.lin_r.weight': tensor([[ 0.0267,  0.0181,  0.0041,  ...,  0.0026, -0.0130,  0.0136],
        [ 0.0402, -0.0170, -0.0075,  ..., -0.0200, -0.0020,  0.0227],
        [-0.0280, -0.0268, -0.0366,  ...,  0.0060,  0.0441, -0.0127],
        ...,
        [-0.0076,  0.0012,  0.0117,  ..., -0.0283,  0.0270, -0.0026],
        [-0.0005, -0.0434,  0.0090,  ...,  0.0325,  0.0345, -0.0168],
        [-0.0215, -0.0467,  0.0184,  ...,  0.0193, -0.0129, -0.0043]]), 'conv2.lin_l.weight': tensor([[ 0.0186,  0.0247, -0.0351,  ..., -0.0713,  0.0746, -0.0591],
        [-0.0632, -0.0562, -0.0230,  ...,  0.0047,  0.0602,  0.0639],
        [-0.0569, -0.0973, -0.0220,  ..., -0.0196,  0.0418, -0.0388],
        ...,
        [ 0.0422, -0.0248,  0.0202,  ...,  0.0249, -0.0115, -0.0793],
        [-0.0464,  0.0879,  0.0005,  ..., -0.0051, -0.0006, -0.0751],
        [-0.0606,  0.0452,  0.0370,  ..., -0.0705,  0.0453,  0.0549]]), 'conv2.lin_l.bias': tensor([ 0.0797, -0.0658, -0.0627,  0.0457, -0.0204,  0.0397,  0.0107, -0.0859,
        -0.0218, -0.0830,  0.0740,  0.0921,  0.0222, -0.0122,  0.0390, -0.0315,
        -0.0660, -0.0392, -0.0368,  0.0797, -0.0758, -0.0246, -0.0149,  0.0961,
        -0.0201,  0.0589, -0.0908,  0.0567, -0.0464,  0.0263,  0.0552, -0.0158,
         0.0087, -0.0617, -0.0496, -0.0318, -0.0426,  0.0511,  0.0123,  0.0804,
        -0.0522,  0.0653,  0.0742, -0.0257, -0.0666, -0.0322, -0.0661, -0.0396,
        -0.0621,  0.0145,  0.0205,  0.0666,  0.0706,  0.0449, -0.0886, -0.0143,
         0.0089, -0.0225,  0.0852, -0.0897,  0.0299, -0.0165,  0.0852, -0.0127]), 'conv2.lin_r.weight': tensor([[-0.0355, -0.0789, -0.0002,  ...,  0.0147,  0.0415, -0.0778],
        [ 0.0880, -0.0702,  0.0532,  ..., -0.0053,  0.0466,  0.0705],
        [-0.0343, -0.0463, -0.0340,  ...,  0.0702,  0.0613, -0.0887],
        ...,
        [ 0.0715,  0.0531, -0.0389,  ...,  0.0515, -0.0145,  0.0260],
        [-0.0145,  0.0135,  0.0697,  ..., -0.0712,  0.0732,  0.0092],
        [ 0.0138, -0.0972, -0.0271,  ...,  0.0469, -0.0096,  0.0215]])}}]
